[346 333 343 340 320 314 320 330 314 308 333 337 310 329 315 296 330 296
 312 315 318 321 300 326 311 298 293 301 315 329 303 278 263 269 270 252
 275 282 264 247 275 262 251 258 247 285 273 270 289 251 252 276 260 267
 250 245 263 270 254 242 257 259 239 268 243 227 233 223 239 232 231 203
 185 174 199 186 198 193 187 204 179 205 211 219 230 240 259 234 242 240
 258 250 241 252 229 255 260 246 232 240 240 241 255 240 254 232 246 266
 250 274 259 258 242 256 240 249 250 262 241 232 268 258 254 255 266 249
 291 278 253 271 289 279 280 274 276 290 280 278 265 258 265 267 285 289
 288 267 262 280 255 264 273 262 297 271 278 296 284 273 299 295 292 292
 310 329 309 313 314 311 320 299 300 308 303 301 289 297 307 276 282 283
 287 285 267 267 259 293 275 284 272 258 279 262 257 253 253 247 207 208
 197 212 230 218 221 226 227 232 199 197 193 170 193 203 226 215 226 244
 229 203 202 208 219 220 201 194 191 200 186 184 214 202 208 197 216 204
 212 230 211 222 198 208 199 194 201 229 230 211 210 195 202 207 206 216
 195 184 157 152 145 147 196 180 149 147 156 172 167 168 162 179 190 166
 180 177 189 203 215 196 177 201 178 176 209 199 187 213 215 215 195 182
 196 160 177 192 170 165 175 165 168 188 201 188 186 187 198 212 202 192
 173 186 190 185 199 196 213 196 187 181 188 203 180 177 173 141 138 147
 141 161 144 133 129 124 118 124 145 144 152 159 168 168 142 122 132 147
 123 137 152 126 163 151 132 142 147 133 138 136 143 135 134 118  99 137
 138 135 142 133 120  98  92  93  97 108 105 112 108 112 119 124 130 120
 116 134 137 128 151 136 112 118 119  96 133 130 113 102  79 100 102 116
 113 128 126 143 135 140 132 141 157 161 188 182 168 166 165 171 182 173
 204 214 212 205 211 226 232 227 232 258 240 221 237 234 230 253 268 247
 239 246 265 283 260 255 246 240 231 249 260 222 215 227 237 243 251 251
 266 276 281 276 290 267 273 295 257 282 262 236 257 263 257 247 241 251
 260 268 268 253 262 273 264 278 264 256 252 241 260 267 269 272 270 271
 270 268 284 287 306 308 322 332 337 328 311 306 316 327 319 326 324 296
 318 320 298 312 316 307 299 303 285 283 293 279 280 279 283 291 276 270
 278 303 283 281 294 301 315 315 303 311 306 325 297 291 286 283 292 289
 297 290 301 271 297 309 297 295 306 308 336 309 303 297 281 298 291 282
 272 290 286 299 276 280 284 276 281 291 301 315 311 284 300 300 314 326
 339 334 331 340 343 346 335 328 307 299 328 308 320 330 306 286 272 285
 303 316 313 310 297 305 312 321 303 324 304 306 328 301 329 323 313 310
 324 326 328 316 335 325 323 337 341 339 348 370 350 392 373 352 335 348
 337 347 344 342 336 334 353 331 311 308 322 315 321 324 348 332 355 359
 347 326 305 288 299 301 287 313 304 317 311 297 291 301 292 278 272 281
 291 290 289 262 251 280 284 271 273 262 266 257 268 282 269 266 299 301
 294 286 298 284 305 312 301 312 312 311 300 303 325 308 321 343 325 327
 329 333 324 326 325 324 325 304 312 330 320 322 350 345 329 351 339 348
 338 347 355 367 372 329 347 341 348 356 372 362 359 344 339 347 331 335
 341 357 342 322 312 325 323 344 352 347 363 352 353 349 335 345 341 362
 367 366 370 347 354 351 333 334 337 322 315 349 349 353 356 348 339 337
 351 337 340 356 352 340 336 307 293 267 276 248 242 249 232 251 247 248
 232 248 262 261 250 274 274 283 285 286 288 273 286 284 308 302 306 303
 317 342 344 347 346 344 351 347 355 367 365 345 356 372 371 362 344 342
 312 343 346 336 343 373 336 354 366 360 370 341 342 322 326 327 344 327
 318 319 321 317 305 314 319 301 297 294 270 309 294 285 283 251 270 270
 282 287 277 299 287 286 291 311 308 279 273 274 292 272 288 284 262 265
 260 268 271 257 276 278 297 296 283 288 287 303 291 305 317 342 355 356
 362 343 332 336 334 331 337 327 325 312 324 308 293 310 309 327 312 306
 333 311 269 270 291 298 293 303 289 290 274 266 287 307 278 289 310 304
 300 285 314 303 281 311 309 269 287 296 300 276 295 308 316 299 295 317
 298 338 335 323 336 324 351 316 300 300 299 295 281 279 269 287 271 259
 275 262 261 248 272 281 269 284 284 283 275 254 264 258 261 277 250 252
 257 242 258 266 262 258 273 260 260 230 216 233 220 257 238 248 239 235
 249 229 235 245 229 216 220 245 240 253 256 240 253 262 248 257 280 274
 289 277 266 277 276 282 285 306 274 258 265 284 298 305 296 278 299 285
 265 249 276 274 235 242 269 269 270 261 263 240 242 266 258 247 258 258
 237 240 253 235 255 262 229 233 239 259 258 246 259 256 262 254 235 242
 235 235 209 215 239 238 219 211 213 223 236 226 234 223 212 218 218 232
 241 248 259 269 250 251 266 251 272 258 263 272 284 283 281 263 270 281
 285 298 295 304 287 294 294 303 328 334 322 331 297 305 331 318 306 278
 273 274 273 277 281 265 264 283 278 275 285 288 267 256 249 228 240 236
 238 270 258 262 255 235 262 247 235 242 248 249 236 266 250 235 248 222
 201 213 212 212 204 218 207 214 236 229 260 252 222 238 236 213 216 228
 233 231 212 231 247 262 262 251 254 258 244 257 264 258 257 259 269 277
 269 254 273 239 243 254 261 244 252 237 223 197 200 225 215 219 205 196
 188 207 208 196 233 236 230 212 230 236 211 225 235 229 203 236 225 232
 179 184 188 163 164 171 212 200 198 186 193 229 224 216 228 226 265 257
 251 262 247 255 250 240 229 247 253 256 251 248 258 257 264 274 287 266
 273 283 297 299 281 289 307 293 288 268 267 258 252 254 245 267 255 271
 236 249 232 237 230 199 225 241 242 225 246 260 236 229 231 214 223 214
 225 225 217 219 209 204 214 213 220 204 184 183 186 194 175 203 196 157
 176 168 140 186 198 202 214 216 210 188 215 197 191 201 159 178 175 181
 202 180 175 180 172 162 181 192 190 182 181 169 155 157 148 138 113 147
 159 139 154 124 140 144 135 152 147 176 184 188 182 196 205 198 172 189
 195 193 205 187 216 201 245 236 222 220 222 230 261 269 263 275 271 299
 281 281 270 281 296 292 283 275 269 274 281 288 282 296 281 270 294 277
 288 302 265 259 256 250 287 282 245 244 242 254 278 261 264 233 236 248
 261 265 259 247 260 259 233 243 245 239 245 249 257 245 238 242 224 225
 213 247 250 263 268 263 246 267 262 250 271 288 276 260 287 275 267 285
 297 279 308 298 279 309 287 279 272 282 267 265 249 219 256 253 232 231
 239 235 244 260 253 245 251 231 223 206 217 214 182 164 176 177 144 168
 193 178 184 194 183 179 188 205 187 156 178 183 191 186 181 200 181 163
 161 172 174 182 170 174 189 174 171 171 168 191 198 192 212 189 174 165
 178 159 175 193 209 227 202 210 209 188 218 230 224 231 222 222 221 237
 228 228 238 233 219 234 262 241 242 244 227 223 210 233 234 231 237 236
 235 242 249 258 265 269 247 237 246 243 248 259 246 243 210 205 242 236
 254 259 231 241 250 233 249 247 234 233 241 259 258 232 238 243 234 225
 213 223 214 225 222 220 213 206 211 210 226 225 235 217 247 249 233 211
 229 225 212 235 220 217 213 238 230 233 227 238 246 249 227 216 229 234
 216 193 194 217 213 200 187 193 193 213 209 203 211 211 233 225 243 277
 258 245 250 270 274 297 302 277 269 276 276 281 285 269 271 269 253 256
 244 244 252 248 244 269 294 285 284 305 288 285 295 321 348 333 321 317
 327 304 286 303 324 325 329 323 318 312 327 358 336 328 334 359 340 302
 338 345 332 355 318 317 348 343 351 349 331 344 327 321 351 334 355 337
 318 323 327 328 327 335 340 373 382 359 379 362 362 367 363 392 385 387
 353 313 361 338 341 349 332 332 324 326 304 316 323 334 336 334 326 327
 296 303 300 290 295 283 317 326 310 323 317 311 310 334 342 347 353 321
 309 316 330 300 328 340 334 320 324 355 334 302 311 322 320 317 320 315
 303 295 283 288 272 250 261 270 283 293 284 288 319 296 260 300 314 289
 276 302 308 307 293 284 298 286 303 278 264 269 281 286 272 265 240 246
 267 289 299 287 282 299 309 309 322 320 323 295 307 320 323 306 309 313
 300 331 321 321 314 314 292 300 305 297 283 265 300 270 268 253 255 274
 245 247 272 283 285 287 289 293 292 310 313 306 301 292 305 318 324 339
 335 343 330 337 329 342 325 323 320 296 314 306 295 263 284 274 281 263
 257 269 281 263 263 298 298 299 282 274 254 278 284 255 263 266 259 254
 272 269 264 254 245 272 261 271 271 258 265 225 230 243 225 241 269 252
 263 253 223 216 214 223 220 238 235 223 225 221 215 202 215 200 213 229
 210 212 236 262 241 255 245 251 243 229 239 233 231 233 237 227 234 224
 229 258 253 232 245 233 221 239 223 250 241 225 234 220 226 217 227 234
 228 243 215 233 257 253 283 269 251 257 240 245 244 239 234 221 234 243
 237 230 233 246 245 239 221 205 209 213 221 206 191 207 195 200 233 223
 242 238 232 225 243 263 230 224 208 193 183 163 156 173 186 187 183 206
 213 193 197 207 212 189 185 205 202 202 232 228 232 227 223 236 238 200
 206 192 190 197 200 199 198 202 193 236 222 218 221 225 248 245 250 242
 217 205 200 221 198 196 200 204 204 198 185 192 201 186 205 212 179 188
 211 198 208 203 220 208 206 221 219 246 257 238 232 246 261 270 281 289
 314 312 296 309 313 296 285 305 288 292 281 266 267 270 268 279 288 275
 269 268 261 268 275 267 273 268 258 237 205 199 220 208 196 202 227 260
 248 209 196 146 141 144 132 164 168 182 207 210 234 224 226 215 192 219
 221 204 209 202 185 209 214 221 196 186 197 228 220 206 245 242 237 286
 299 302 293 285 291 292 294 281 286 257 266 259 256 251 247 255 249 228
 228 242 226 205 210 248 209 221 220 246 267 225 251 247 250 260 268 276
 272 274 270 274 298 311 295 298 283 276 314 349 379 365 367 365 335 349
 351 338 360 365 353 317 312 300 279 276 262 284 272 264 258 260 292 278
 253 220 195 185 230 213 211 209 233 228 226 241 214 235 225 221 208 232
 237 230 250 251 260 280 276 267 267 288 280 276 279 274 256 235 236 243
 215 213 227 224 219 204 212 234 225 213 199 216 232 242 239 244 241 239
 248 242 237 243 234 230 232 217 215 203 197 170 188 197 208 221 226 212
 209 226 224 201 192 198 192 212 200 223 222 200 216 197 189 208 224 227
 217 206 191 170 180 186 187 197 178 161 184 211 205 187 181 188 185 195
 196 156 149 157 151 134 162 176 161 184 191 182 183 167 178 185 212 223
 204 218 230 210 205 214 213 207 186 221 226 227 225 204 223 206 213 235
 212 234 241 227 218 219 236 244 250 260 268 257 270 276 264 269 252 255
 261 261 261 258 268 278 272 243 255 248 240 221 212 202 197 197 192 192
 186 189 177 171 149 156 167 183 193 180 195 197 200 200 190 183 199 204
 214 233 218 208 197 192 215 215 211 228 237 231 224 229 232 232 251 246
 236 227 229 217 220 222 235 236 185 186 172 171 165 179 199 196 212 209
 228 216 220 214 201 222 213 228 234 204 207 196 192 195 215 215 189 186
 183 162 169 188 173 176 173 179 176 190 229 261 263 264 283 262 268 255
 251 265 233 246 249 257 269 273 256 206 220 210 210 228 238 255 241 216
 236 216 196 199 219 216 213 224 225 234 224 228 213 204 187 172 180 192
 191 239 238 216 220 210 221 199 196 190 168 175 188 209 205 196 182 189
 190 183 197 193 190 171 203 179 201 197 203 188 176 195 203 225 216 213
 200 201 197 220 184 187 200 195 196 181 171 181 208 226 213 166 198 198
 195 213 200 213 234 231 227 241 222 215 212 202 207 217 210 230 210 232
 241 225 231 247 259 277 287 255 259 260 257 261 254 264 251 257 262 222
 224 210 228 251 240 266 281 263 276 279 273 281 295 302 296 297 286 296
 290 312 329 316 321 304 316 297 321 301 318 319 303 301 285 321 315 327
 321 344 353 335 328 323 338 341 341 321 329 315 300 297 287 277 278 300
 267 257 264 266 254 235 257 276 291 295 272 262 248 245 254 273 271 271
 266 263 260 264 274 254 257 260 266 281 274 282 267 266 267 261 267 245
 270 253 255 258 259 275 256 272 233 231 228 210 225 229 237 235 236 217
 239 213 235 256 231 251 229 242 235 213 229 241 260 270 230 229 238 230
 248 257 225 240 260 267 247 244 268 248 257 268 291 284 282 271 267 265
 292 282 259 262 258 262 253 251 236 243 234 235 229 229 235 225 203 199
 212 222 230 228 230 217 245 242 238 252 249 262 248 269 258 260 274 260
 272 263 254 259 245 258 276 282 297 275 233 239 258 259 255 244 234 242
 274 277 274 287 287 266 272 280 318 299 256 291 275 264 262 263 253 225
 251 242 239 254 261 274 265 252 248 252 275 266 265 271 279 270 245 281
 253 256 247 244 259 230 242 254 245 220 191 179 182 216 216 223 235 236
 213 212 212 216 217 211 210 206 220 209 203 198 185 171 194 165 155 145
 154 146 147 153 151 175 139 134 131 119 118 138 151 160 159 136 143 151
 145 128 136 162 181 159 170 165 167 169 158 187 179 168 168 158 142 144
 148 148 137 157 148 147 147 160 155 139 147 134 135 145 173 159 172 197
 202 189 188 167 170 169 179 169 164 173 156 169 188 203 197 189 172 202
 213 224 248 228 213 216 227 248 219 206 218 239 249 242 255 224 215 222
 225 223 226 221 197 186 163 155 166 177 179 182 185 166 145 161 160 169
 155 159 146 115 123 133 156 157 134 118 149 156 167 178 130 134 132 157
 152 143 151 135 137 152 173 174 197 196 200 206 194 195 193 213 175 194
 212 187 205 199 205 190 205 206 226 213 208 210 201 212 195 220 202 225
 215 215 229 219 214 230 242 236 239 253 257 258 275 253 248 274 282 276
 290 304 307 296 298 311 323 318 299 292 303 302 301 315 320 331 343 339
 313 323 331 321 322 308 337 337 295 332 332 352 371 370 355 342 331 324
 358 319 332 330 341 319 346 331 314 321 312 333 293 314 331 314 322 321
 308 331 325 338 360 341 342 368 359 349 341 351 367 361 357 369 382 365
 358 362 358 364 350 315 341 332 336 342 327 342 314 330 329 310 315 324
 331 331 321 317 337 324 318 356 370 361 348 345 341 339 347 335 320 323
 310 317 321 279 290 285 275 277 263 287 308 297 290 303 287 295 310 315
 297 291 304 310 285 279 288 296 319 281 269 285 286 276 278 296 299 272
 286 314 321 305 294 295 274 293 294 281 287 268 280 276 290 289 276 294
 274 276 277 264 260 245 218 221 257 246 241 225 245 247 260 267 261 272
 280 274 254 262 240 271 286 283 294 300 272 276 308 296 288 266 275 288
 263 266 258 239 252 273 258 266 257 266 277 316 299 265 252 264 271 258
 261 240 229 224 241 219 220 218 218 216 209 231 215 213 219 218 235 218
 195 209 205 222 219 193 200 210 249 225 212 229 227 270 279 267 274 266
 288 278 294 310 285 270 290 323 352 345 330 327 340 341 344 366 366 367
 367 372 341 357 362 344 364 361 341 336 363 341 358 369 349 342 352 340
 310 325 330 334 302 300 291 315 311 269 302 307 307 297 289 305 306 334
 310 311 311 313 286 277 286 274 289 307 297 293 304 304 334 315 312 345
 314 306 319 289 280 296 308 329 333 312 308 301 311 319 317 303 297 267
 275 280 258 269 264 264 253 260 272 254 254 253 241 234 216 226 207 198
 204 211 223 212 232 211 218 240 232 214 199 218 217 213 208 205 240 250
 247 254 277 266 260 268 260 240 234 241 255 274 256 246 249 260 259 235
 240 251 256 249 250 253 275 265 244 269 262 266 289 295 304 292 320 325
 309 286 320 306 274 294 318 301 295 307 294 316 318 316 305 300 298 320
 323 320 332 354 345 340 325 313 330 346 342 340 332 322 324 323 317 295
 308 291 301 274 273 273 271 277 268 283 274 285 294 295 308 312 320 317
 322 343 323 314 310 308 296 303 318 304 334 321 318 328 336 332 334 331
 340 339 322 309 328 336 298 303 296 308 302 294 297 320 326 297 296 307
 301 295 294 311 326 307 304 310 324 325 338 343 350 351 364 346 347 366
 353 324 315 322 340 315 299 298 279 302 308 301 295 297 303 314 317 303
 307 291 298 296 287 289 282 295 279 263 264 273 260 247 252 243 239 247
 248 257 273 265 270 284 269 267 265 271 276 285 260 264 283 281 291 283
 291 303 288 282 311 291 285 298 287 302 307 290 265 284 286 258 276 284
 260 268 262 237 227 222 247 233 233 237 257 246 236 250 238 256 251 236
 225 192 223 209 206 213 214 237 223 206 219 244 215 228 239 249 230 213
 213 225 209 226 245 237 249 258 254 244 254 252 248 231 231 228 241 245
 232 227 222 218 217 219 207 244 242 207 181 185 201 180 175 154 157 145
 132 159 147 126 123 111 120 108 146 123 123 143 109  93 101 115 108  99
 110 134 138 129 153 173 152 164 158 168 151 159 184 177 174 166 177 151
 184 175 152 142 143 172 173 169 174 171 160 176 159 173 160 179 183 152
 164 158 187 203 206 211 209 221 207 231 226 215 202 204 208 206 227 224
 221 218 242 249 247 267 250 238 218 205 236 240 246 223 218 219 223 235
 216 218 226 236 258 213 209 216 204 218 195 203 190 179 179 193 201 205
 182 166 171 161 155 160 170 146 167 148 168 189 166 181 177 193 165 169
 191 179 185 198 193 168 181 191 192 189 202 213 216 205 207 202 198 194
 169 165 172 167 156 166 140 130 146 140 152 137 139 123 130 149 147 138
 157 157 151 145 152 151 122 118 117 132 129 100 115 132 123 162 176 168
 177 183 162 165 185 183 214 208 204 208 210 194 217 226 217 225 198 188
 199 219 206 212 199 182 175 186 190 186 190 187 182 172 165 161 159 153
 142 172 176 158 164 143 160 164 189 179 183 209 203 213 214 219 204 214
 223 219 234 233 241 242 239 245 255 275 277 253 237 226 228 271 263 269
 264 259 255 234 237 242 250 242 266 270 248 246 235 214 189 212 225 216
 203 221 207 216 199 201 240 235 248 248 250 235 252 237 229 240 249 258
 276 279 256 275 236 223 258 267 249 258 259 240 276 243 267 272 259 259
 259 265 257 258 266 302 276 299 300 303 272 242 265 251 264 256 250 251
 258 242 251 248 223 222 231 251 249 233 239 233 216 248 254 253 246 247
 219 235 230 251 260 252 269 241 256 250 248 239 213 230 266 250 259 245
 266 261 256 262 253 273 261 260 250 256 264 274 265 258 251 252 263 265
 280 288 308 309 314 315 310 297 285 283 300 323 322 311 314 333 316 328
 314 304 320 311 314 321 320 314 312 322 313 297 282 267 281 275 281 305
 279 285 260 258 249 248 273 269 258 277 287 262 281 277 274 254 255 261
 259 271 261 255 256 238 246 223 220 229 236 219 228 232 219 223 238 237
 245 264 255 248 252 253 242 266 254 239 232 218 219 224 208 209 208 204
 214 191 202 190 148 166 153 155 163 153 174 188 194 198 204 189 177 195
 192 179 205 211 216 215 240 218 221 231 225 241 225 225 233 229 232 251
 243 248 257 252 252 249 256 266 261 277 279 302 298 316 318 310 293 258
 245 220 236 226 245 250 217 239 225 254 250 236 250 253 275 255 242 237
 221 238 250 239 236 235 228 229 232 230 243 271 275 255 266 270 270 255
 278 267 280 291 284 293 258 265 267 282 284 288 305 301 306 286 280 276
 296 281 281 263 236 243 231 241 216 231 226 204 209 231 212 194 216 218
 219 198 210 211 216 199 207 228 232 233 208 241 252 240 233 231 227 252
 274 258 245 258 248 252 251 273 266 250 270 284 297 268 277 280 278 280
 261 301 296 276 277 288 310 287 286 297 314 302 283 268 277 285 272 283
 261 275 276 268 258 260 265 264 254 242 270 248 245 270 263 274 264 279
 272 282 272 258 268 253 284 278 314 312 289 302 294 293 293 277 281 278
 253 264 257 248 231 229 251 252 240 220 218 211 208 209 228 247 253 246
 247 230 236 251 245 258 267 260 265 258 295 299 304 305 310 338 315 313
 314 334 360 344 364 369 358 365 371 363 379 373 362 375 356 375 364 355
 365 341 358 364 338 342 335 351 335 314 312 319 324 317 329 304 311 332
 330 329 311 315 309 316 331 350 338 349 343 317 333 313 336 319 332 308
 307 309 310 329 330 337 326 339 330 330 329 321 307 310 316 312 337 357
 347 329 325 293 312 328 319 296 317 329 318 276 287 301 256 291 282 278
 306 294 280 281 269 258 265 275 247 268 269 285 300 303 317 317 302 316
 329 341 345 343 344 334 320 281 290 295 291 276 297 268 265 277 271 293
 265 273 265 234 251 258 254 235 261 267 229 228 219 234 232 245 237 212
 218 234 232 223 214 219 228 227 226 206 218 234 241 222 202 211 203 223
 227 215 209 201 230 205 210 214 209 207 187 179 177 176 165 158 177 172
 173 180 167 209 199 209 176 180 215 226 234 210 209 213 230 229 240 239
 235 205 224 256 266 257 267 264 260 250 253 256 264 257 226 247 234 254
 236 235 232 224 229 211 224 230 220 186 212 203 194 174 155 148 138 135
 127 139 142 146 112 132 129 120 111 105 147 124 111 119 129 115  99 132
 118 133 122 128 141 108 121 147 144 128 136 161 166 195 190 163 169 149
 130 107 105 112 123 101 122 118 109 115 141 137 114 109  95  95  79  85
 140 109 105  94  96 108  99 132 138 119 142 156 130 123  93 111 101 105
 121 127 114 122 123 145 141 151 148 147 169 159 173 176 185 176 182 180
 189 183 180 177 173 201 217 226 212 236 207 191 199 192 176 163 152 150
 169 166 172 144 148 158 157 169 160 161 170 153 186 200 186 195 193 206
 229 198 192 198 201 201 203 210 211 208 193 204 180 198 189 184 194 187
 197 199 224 242 233 207 235 251 241 226 240 245 252 261 256 277 252 242
 251 281 310 274 256 264 276 278 270 269 247 220 245 257 244 248 251 272
 256 237 233 218 230 223 221 229 213 201 204 199 187 212 180 165 176 171
 175 191 196 186 231 232 243 241 251 253 256 310 289 285 287 260 274 255
 270 263 280 284 285 293 284 299 287 271 275 241 251 213 214 249 246 246
 243 271 248 235 249 261 247 282 287 280 276 264 288 323]